-0.110000 0.020000 -0.360000 -0.110000 0.480000 -0.200000 0.270000 0.290000 -0.340000 -0.050000 0.230000 0.080000 -0.450000 0.250000
-0.300000 -0.370000 -0.180000 -0.090000 -0.160000 -0.160000 -0.100000 -0.090000 0.460000 0.320000 0.020000 0.310000 0.400000 -0.070000
0.500000 0.180000 0.410000 -0.016000 0.046000 0.150000 -0.250000 -0.410000 -0.070000 -0.130000 -0.150000 -0.010000 -0.280000 -0.090000
0.000000 -0.110000 -0.058000 0.190000 0.000000 -0.070000 0.180000 0.180000 -0.230000 -0.160000 0.030000 -0.120000 -0.110000 0.230000
0.400000 -0.160000 0.310000 -0.340000 0.020000 0.210000 -0.700000 0.110000 0.080000 0.050000 -0.090000 0.070000 0.040000 -0.010000
0.390000 -0.180000 -0.090000 -0.040000 -0.250000 -0.690000 -0.640000 -0.380000 0.410000 0.330000 -0.620000 0.230000 0.920000 0.610000
0.500000 -0.240000 -0.160000 -0.030000 0.040000 0.157000 -0.110000 0.100000 -0.040000 -0.010000 -0.040000 -0.150000 0.050000 -0.110000
-0.520000 -0.480000 -0.730000 -0.420000 -0.400000 -0.010000 -0.340000 0.550000 0.359000 0.370000 -0.290000 0.630000 0.870000 0.280000
-0.870000 -0.170000 0.100000 -0.120000 0.188000 0.520000 -0.280000 0.500000 0.090000 -0.010000 0.080000 -0.150000 -0.160000 -0.160000
-1.390000 -0.570000 -0.160000 -0.020000 0.300000 0.410000 0.030000 0.500000 0.480000 0.510000 -0.110000 0.140000 -0.060000 -0.050000
0.150000 -0.580000 0.190000 0.020000 0.410000 0.110000 0.020000 0.050000 0.130000 0.130000 -0.220000 0.020000 -0.300000 -0.120000
-0.470000 -0.630000 0.000000 -0.290000 0.130000 0.430000 0.330000 0.330000 0.280000 0.310000 -0.080000 0.030000 -0.130000 -0.230000
-0.640000 -0.040000 -0.070000 -0.090000 -0.060000 0.110000 0.280000 -0.030000 0.090000 0.330000 0.330000 -0.090000 -0.040000 -0.070000
-0.360000 -0.530000 0.230000 0.810000 0.220000 -0.060000 0.027778 -0.220000 0.140000 0.200000 -0.160000 -0.100000 0.030000 -0.040000
0.940000 0.170000 0.120000 -0.010000 -0.580000 -0.480000 -0.410000 0.080000 0.000000 -0.350000 -0.200000 0.200000 0.150000 0.370000
0.420000 -0.230000 -0.100000 -0.202000 -0.100000 -0.080000 -0.010000 0.050000 -0.070000 -0.190000 0.020000 0.500000 0.000000 0.190000
0.470000 0.290000 0.030000 0.060000 -0.120000 -0.040000 -0.040000 0.030000 -0.270000 -0.210000 -0.030000 -0.250000 -0.010000 0.090000
-1.210000 -0.440000 -0.020000 0.510000 0.700000 0.470000 0.260000 0.410000 -0.020000 -0.050000 0.040000 -0.340000 -0.380000 0.070000
0.110000 -0.350000 0.050000 0.110000 0.520000 0.320000 0.430000 -0.120000 -0.120000 -0.250000 0.010000 -0.350000 -0.430000 0.070000
0.400000 -0.540000 -0.240000 -0.330000 -0.240000 -0.070000 -0.010000 0.130000 0.240000 0.060000 -0.240000 0.193000 0.460000 0.220000
-0.500000 -0.101000 0.240000 0.750000 0.660000 0.530000 0.440000 -0.050000 -0.120000 -0.030000 -0.060000 -0.550000 -0.600000 -0.480000
0.240000 -0.090000 0.900000 -0.090000 -0.040000 0.010000 0.130000 -0.040000 -0.210000 -0.030000 0.040000 -0.020000 -0.780000 -0.020000
0.240000 -0.070000 -0.150000 0.240000 0.040000 0.000000 0.230000 0.080000 -0.140000 -0.180000 -0.050000 -0.230000 -0.030000 0.030000
0.410000 -0.180000 0.240000 0.100000 0.500000 0.230000 0.070000 -0.240000 0.050000 -0.120000 -0.220000 -0.120000 -0.510000 -0.200000
0.100000 -0.050000 -0.180000 -0.270000 0.390000 0.590000 -0.290000 0.130000 -0.100000 0.030000 -0.070000 -0.240000 0.090000 -0.130000
-0.240000 -0.110000 -0.050000 -0.060000 0.380000 0.050000 0.410000 0.160000 0.060000 0.240000 0.000000 -0.300000 -0.390000 -0.150000
0.010000 -0.310000 -0.160000 0.120000 -0.020000 0.093700 -0.260000 -0.050000 0.000000 0.110000 0.190000 0.010000 -0.060000 0.040000
0.810000 -0.015000 0.070000 -0.250000 -0.510000 -0.450000 -0.530000 -0.070000 0.130000 -0.150000 -0.030000 0.350000 0.150000 0.520000
0.130000 0.020000 0.040000 0.070000 0.370000 0.020000 0.020000 -0.020000 0.100000 -0.160000 -0.210000 -0.210000 -0.060000 -0.110000
-0.360000 0.140000 -0.140000 0.450000 0.690000 0.500000 -0.040000 -0.120000 -0.140000 -0.020000 0.200000 -0.020000 -1.340000 0.200000
0.230000 0.030000 -0.290000 0.110000 0.190000 0.170000 0.130000 0.120000 -0.160000 -0.100000 -0.020000 -0.210000 -0.150000 -0.060000
0.580000 0.330000 0.010000 -0.290000 -0.380000 -0.170000 0.170000 -0.050000 0.010000 -0.150000 0.070000 0.130000 -0.170000 -0.100000
0.620000 0.080000 -0.230000 0.070000 0.077778 -0.067000 0.040000 -0.010000 0.250000 -0.080000 -0.330000 0.300000 -0.640000 -0.130000
0.120000 -0.150000 -0.190000 0.090000 0.270000 0.350000 0.070000 -0.030000 -0.130000 -0.080000 0.190000 -0.270000 -0.150000 -0.080000
-0.410000 0.540000 0.360000 0.010000 -0.200000 0.050000 -0.080000 0.150000 -0.110000 0.010000 -0.310000 -0.120000 -0.040000 0.160000
0.720000 -0.210000 0.140000 -0.080000 -0.320000 -0.210000 -0.130000 0.030000 0.140000 -0.010000 -0.260000 0.020000 -0.240000 0.420000
-0.040000 -0.180000 -0.040000 -0.180000 0.110000 0.130000 0.120000 0.150000 0.050000 -0.010000 -0.010000 -0.040000 -0.050000 0.010000
0.380000 -0.250000 -0.050000 0.230000 -0.090000 0.870000 -0.050000 -0.250000 0.050000 0.300000 -0.480000 -0.300000 -0.010000 -0.350000
0.830000 0.100000 0.100000 -0.040000 -0.180000 -0.220000 -0.200000 0.210000 0.100000 -0.240000 -0.180000 -0.060000 -0.260000 0.070000
-0.019000 -0.290000 -0.150000 0.010000 0.230000 -0.050000 0.280000 0.150000 0.130000 -0.064000 0.130000 -0.030000 -0.310000 -0.010000
-0.150000 0.160000 0.000000 -0.070000 -0.080000 -0.040000 -0.440000 -0.070000 0.000000 0.370000 -0.050000 0.130000 -0.020000 0.270000
-0.150000 -0.120000 -0.010000 -0.250000 -0.210000 -0.390000 -0.050000 0.080000 0.230000 0.100000 -0.050000 0.300000 0.430000 0.080000
0.040000 0.050000 -0.010000 0.240000 0.350000 -0.140000 0.070000 0.085000 -0.050000 -0.170000 -0.030000 -0.140000 0.000000 -0.030000
0.080000 0.300000 0.300000 -0.900000 -0.020000 0.000000 0.270000 -0.170000 0.000000 0.150000 0.110000 -0.060000 0.070000 -0.110000
1.860000 0.520000 -1.490000 0.530000 -0.960000 -0.650000 0.080000 -0.330000 -0.200000 -0.440000 -0.280000 0.450000 0.570000 0.340000
0.150000 -0.020000 0.040000 0.155000 0.350000 0.070000 0.130000 0.100000 -0.150000 -0.320000 0.060000 -0.200000 -0.510000 -0.180000
0.449000 0.110000 0.370000 0.660000 0.140000 0.160000 0.060000 -0.530000 -0.300000 -0.220000 -0.170000 -0.570000 -0.320000 0.170000
-0.200000 -0.260000 -0.320000 0.230000 -0.170000 -0.280000 0.140000 0.300000 0.000000 0.110000 0.170000 0.080000 0.020000 0.180000
-0.740000 -0.250000 -0.430000 -0.230000 0.010000 -0.070000 -0.170000 0.420000 0.220000 0.510000 -0.120000 0.330000 0.160000 0.470000
-0.270000 -0.140000 0.340000 0.410000 0.160000 0.050000 0.270000 -0.080000 0.280000 0.240000 0.030000 0.070000 -1.170000 -0.190000
-0.210000 -0.060000 -0.066800 0.350000 0.200000 0.150000 0.240000 -0.090000 -0.480000 -0.117778 0.130000 -0.430000 -0.060000 -0.040000
-0.190000 -0.030000 -0.430000 -0.310000 0.030000 0.190000 -0.110000 0.190000 0.140000 0.160000 0.059000 0.220000 -0.170000 0.120000
-0.150000 0.290000 -0.030000 0.040000 -0.010000 0.020000 -0.010000 -0.110000 -0.010000 -0.040000 -0.150000 0.040000 0.010000 0.130000
0.230000 -0.020000 0.010000 -0.320000 0.220000 0.010000 0.290000 0.090000 -0.190000 -0.230000 0.014000 -0.150000 -0.210000 0.010000
-0.770000 -0.450000 -0.040000 0.140000 0.550000 0.370000 0.360000 0.160000 -0.190000 0.140000 0.030000 -0.140000 -0.530000 0.370000
-0.880000 -0.530000 -0.220000 0.150000 0.530000 0.150000 0.150000 0.320000 0.270000 0.120000 -0.410000 0.140000 0.110000 0.110000
0.350000 -0.140000 -0.065000 -0.120000 -0.240000 -0.470000 -0.310000 0.060000 0.190000 0.060000 -0.184000 0.380000 0.290000 0.110000
0.302222 -0.370000 0.100000 -0.070000 -0.230000 -0.080000 -0.070000 0.050000 0.050000 -0.080000 -0.040000 -0.250000 0.120000 0.170000
1.810000 0.870000 0.050000 0.350000 -1.130000 -1.050000 0.740000 -0.520000 -0.660000 -1.130000 -0.570000 0.510000 0.370000 0.340000
0.600000 0.090000 -0.040000 0.030000 -0.210000 -0.490000 -0.180000 -0.310000 -0.010000 0.140000 0.080000 0.180000 -0.140000 0.270000
-0.940000 0.050000 0.080000 0.690000 0.650000 0.320000 0.060000 -0.340000 -0.050000 0.100000 -0.460000 -0.250000 -0.070000 0.150000
0.000000 -0.140000 -0.290000 0.190000 0.350000 0.060000 0.310000 0.150000 -0.060000 -0.430000 0.240000 -0.010000 -0.310000 -0.060000
0.360000 -0.010000 -0.030000 -0.100000 0.260000 0.280000 -0.170000 -0.150000 0.040000 -0.200000 0.060000 -0.150000 -0.150000 -0.030000
0.420000 0.070000 0.480000 0.360000 0.120000 -0.070000 0.020000 -0.040000 -0.380000 -0.530000 -0.100000 -0.207778 -0.130000 0.000000
0.100000 0.300000 -0.050000 -0.450000 -0.510000 -0.290000 0.000000 0.140000 0.120000 -0.170000 0.010000 0.290000 0.140000 0.370000
1.040000 0.540000 0.150000 -0.270000 -0.060000 -0.270000 -0.150000 -0.060000 -0.330000 -0.370000 0.070000 -0.170000 -0.050000 -0.050000
0.640000 -0.090000 0.050000 -0.250000 -0.170000 -0.020000 -0.070000 -0.100000 -0.190000 -0.040000 0.000000 0.000000 0.030000 0.220000
0.970000 0.330000 -0.070000 0.430000 -0.090000 -0.400000 -0.240000 -0.040000 -0.040000 -0.260000 -0.280000 -0.060000 -0.122222 -0.090000
0.240000 -0.140000 0.220000 0.240000 0.170000 -0.180000 -0.140000 -0.350000 -0.010000 -0.090000 -0.060000 0.040000 -0.128000 0.170000
0.910000 0.020000 0.090000 0.110000 -0.180000 -0.120000 -0.420000 -0.190000 -0.080000 -0.140000 0.030000 0.190000 -0.040000 -0.180000
0.000000 -0.320000 0.080000 0.320000 0.190000 -0.050000 0.080000 0.000000 -0.200000 0.050000 0.100000 -0.070000 -0.120000 -0.070000
-0.140000 0.100000 -0.320000 -0.250000 -0.310000 0.020000 0.170000 0.140000 0.050000 0.070000 0.170000 -0.060000 0.180000 0.180000
-0.520000 -0.100000 -0.120000 -0.140000 0.010000 -0.090000 0.280000 0.340000 0.190000 0.070000 0.104000 -0.090000 -0.069000 0.160000
0.380000 -0.070000 0.050000 0.320000 0.410000 -0.150000 0.010000 0.160000 -0.070000 -0.210000 -0.130000 -0.190000 -0.350000 -0.170000
0.550000 0.150000 0.170000 -0.200000 -0.430000 -0.470000 -0.130000 0.090000 0.010000 0.010000 -0.049000 -0.130000 0.050000 0.540000
0.870000 0.510000 0.050000 0.060000 -0.200000 -0.180000 -0.240000 -0.230000 -0.150000 -0.070000 -0.105000 -0.400000 -0.010000 0.030000
0.170000 -0.430000 -0.030000 0.050000 0.030000 0.450000 0.070000 0.190000 -0.120000 0.070000 0.020000 -0.080000 -0.250000 -0.140000
0.330000 -0.080000 -0.140000 -0.780000 -0.300000 0.060000 0.390000 0.080000 0.200000 -0.140000 0.330000 0.370000 -0.220000 -0.100000
-0.350000 -0.300000 0.070000 0.090000 0.010000 -0.510000 -0.100000 0.240000 0.140000 0.210000 -0.190000 0.240000 0.290000 0.140000
0.070000 -0.650000 0.070000 -0.170000 0.140000 0.300000 0.070000 0.010000 0.070000 0.050000 0.330000 -0.100000 -0.410000 0.230000
-0.780000 -0.090000 0.230000 0.170000 0.350000 0.400000 0.260000 0.190000 -0.130000 0.050000 0.050000 -0.480000 -0.670000 0.460000
0.310000 0.000000 0.310000 -0.160000 0.100000 -0.500000 -0.100000 -0.200000 0.310000 -0.100000 0.140000 -0.400000 0.390000 -0.100000
0.100000 -0.070000 0.250000 -0.130000 0.290000 0.180000 0.180000 -0.130000 -0.070000 -0.230000 0.410000 -0.690000 -0.291000 -0.110000
-0.380000 -0.070000 0.160000 -0.280000 0.020000 0.150000 0.260000 -0.060000 0.024000 0.020000 0.320000 -0.110000 -0.030000 0.240000
0.440000 0.240000 -0.060000 -0.320000 -0.160000 -0.080000 -0.090000 -0.080000 0.080000 -0.140000 0.190000 0.090000 -0.170000 0.080000
0.310000 0.000000 -0.080000 0.170000 0.090000 -0.170000 0.110000 0.033500 0.220000 0.060000 -0.110000 0.030000 -0.290000 -0.170000
0.020000 -0.300000 0.020000 -0.020000 0.330000 0.060000 0.230000 0.160000 0.230000 -0.280000 -0.020000 -0.130000 -0.160000 -0.130000
0.480000 -0.040000 -0.050000 0.390000 -0.170000 -0.170000 0.020000 -0.090000 -0.150000 -0.150000 0.080000 -0.150000 -0.070000 0.083000
-0.520000 -0.050000 -0.010000 0.570000 0.490000 0.300000 0.252000 0.160000 -0.050000 -0.150000 0.050000 -0.120000 -0.420000 -0.440000
0.090000 0.420000 0.080000 0.420000 0.000000 -0.290000 0.080000 -0.080000 -0.310000 0.020000 0.270000 -0.270000 -0.390000 -0.060000
0.650000 0.210000 0.210000 0.120000 0.050000 -0.190000 0.020000 -0.110000 -0.110000 -0.300000 -0.110000 -0.370000 -0.070000 -0.010000
-0.460000 -0.260000 -0.300000 0.120000 0.120000 0.030000 0.130000 0.050000 0.040000 0.220000 -0.030000 0.220000 0.160000 0.098000
0.290000 0.360000 0.380000 -0.210000 -0.020000 0.160000 0.210000 -0.160000 -0.210000 -0.250000 0.280000 -0.290000 -0.410000 -0.120000
1.470000 0.300000 0.200000 -0.240000 -0.220000 0.020000 -0.060000 -0.370000 -0.040000 -0.320000 0.060000 -0.040000 -0.290000 -0.480000
0.590000 0.220000 0.010000 -0.330000 -0.180000 -0.290000 -0.060000 -0.020000 0.280000 -0.120000 -0.210000 0.060000 0.230000 -0.180000
-0.210000 -0.520000 -0.300000 0.080000 -0.030000 -0.360000 -0.200000 0.230000 0.170000 0.430000 0.040000 0.130000 0.100000 0.450000
-0.110000 -0.600000 0.630000 0.060000 0.130000 0.290000 0.200000 0.040000 -0.050000 0.110000 0.040000 -0.320000 -0.430000 0.010000
-0.160000 -0.010000 -0.070000 -0.050000 -0.090000 0.070000 0.230000 0.090000 -0.270000 0.120000 0.070000 0.040000 -0.160000 0.180000
0.360000 0.430000 0.000000 -0.350000 -0.020000 -0.250000 0.160000 0.070000 -0.530000 -0.140000 0.130000 -0.080000 0.130000 0.028000
0.580000 -0.040000 0.020000 0.510000 0.114000 0.120000 -0.250000 -0.080000 -0.020000 -0.290000 0.210000 -0.750000 -0.220000 0.110000
-0.270000 -0.080000 -0.210000 0.060000 -0.060000 0.060000 0.000000 0.150000 0.310000 0.030000 0.100000 0.000000 -0.150000 0.060000
0.350000 0.040000 -0.120000 0.210000 0.460000 0.150000 0.340000 -0.070000 -0.050000 -0.260000 -0.050000 -0.320000 -0.450000 -0.240000
0.640000 0.002000 0.110000 -0.010000 0.270000 0.020000 0.130000 0.010000 -0.090000 -0.170000 0.070000 -0.260000 -0.790000 0.080000
0.460000 0.020000 -0.230000 0.040000 -0.230000 -0.080000 -0.040000 0.090000 -0.120000 0.040000 0.160000 0.020000 -0.210000 0.070000
0.000000 -0.840000 -0.490000 -0.420000 -0.490000 -0.680000 -0.030000 0.390000 0.550000 0.560000 0.480000 0.570000 0.130000 0.290000
1.250000 -0.470000 0.090000 0.390000 0.370000 0.090000 1.090000 -0.390000 -0.160000 -0.390000 -0.200000 -0.191000 -0.860000 -0.330000
-0.730000 -0.830000 -0.310000 0.120000 0.700000 0.820000 0.510000 0.270000 0.120000 0.170000 0.340000 -0.290000 -0.730000 -0.180000
0.080000 -0.060000 0.040000 0.140000 0.139000 -0.220000 -0.060000 0.190000 0.020000 -0.220000 0.100000 0.100000 -0.220000 -0.060000
-0.270000 -0.050000 -0.151000 -0.170000 0.000000 -0.110000 -0.130000 -0.030000 0.220000 0.190000 -0.070000 0.139000 -0.030000 0.280000
-0.140000 -0.090000 -0.330000 -0.270000 0.290000 -0.010000 0.110000 0.180000 -0.060000 0.080000 0.240000 0.010000 -0.140000 0.110000
0.330000 -0.180000 -0.160000 -0.180000 0.050000 -0.430000 -0.220000 -0.280000 0.260000 0.260000 -0.260000 0.340000 0.300000 0.140000
0.710000 0.100000 0.040000 0.110000 -0.140000 -0.190000 -0.100000 -0.270000 -0.180000 -0.210000 -0.270000 0.100000 0.140000 0.150000
-1.000000 0.340000 0.240000 -0.200000 -0.250000 -0.090000 -0.160000 0.410000 0.190000 0.110000 0.080000 0.210000 -0.020000 0.130000
-0.060000 -0.180000 -0.280000 -0.410000 -0.300000 -0.190000 -0.540000 0.000000 0.220000 0.140000 0.370000 0.370000 0.280000 0.600000
1.430000 -0.120000 0.130000 0.130000 0.040000 0.010000 0.160000 -0.060000 -0.310000 -0.370000 -0.210000 -0.600000 -0.210000 -0.030000
0.850000 0.050000 0.370000 0.230000 -0.120000 -0.120000 -0.030000 -0.010000 -0.330000 -0.350000 -0.160000 -0.120000 -0.370000 0.140000
-0.270000 -0.180000 -0.060000 -0.020000 0.350000 0.130000 0.190000 0.040000 0.110000 -0.120000 0.020000 0.060000 -0.140000 -0.100000
0.100000 -0.300000 0.640000 0.280000 0.190000 -0.020000 0.060000 0.210000 -0.170000 -0.040000 -0.270000 -0.250000 -0.360000 -0.060000
-0.070000 0.060000 -0.220000 0.590000 -0.160000 -0.250000 0.080000 0.066500 0.000000 -0.080000 -0.310000 0.060000 0.280000 0.180000
-0.210000 1.230000 0.370000 0.160000 0.310000 0.190000 -0.010000 -0.260000 -0.230000 0.160000 -0.130000 -0.110000 -0.980000 -0.490000
1.270000 1.670000 0.450000 -0.670000 -0.700000 -0.730000 -0.570000 -0.450000 0.040000 -0.070000 -0.120000 0.230000 -0.090000 -0.260000
-1.280000 -0.210000 -0.130000 0.220000 -0.080000 0.230000 0.350000 0.080000 0.010000 0.370000 -0.180000 0.127000 0.160000 0.300000
1.070000 0.210000 0.320000 0.470000 -0.070000 -0.030000 -0.140000 -0.250000 -0.520000 -0.520000 -0.010000 -0.040000 -0.370000 -0.120000
0.690000 0.030000 -0.090000 -0.320000 -0.740000 -1.080000 -0.620000 -0.050000 0.460000 0.070000 -0.180000 0.700000 0.760000 0.360000
-0.900000 -0.560000 -0.220000 -0.140000 -0.320000 0.010000 0.140000 0.410000 0.270000 0.450000 0.030000 0.210000 0.340000 0.280000
0.080000 -0.240000 -0.040000 0.160000 -0.030000 0.060000 0.110000 0.450000 0.130000 0.220000 -0.060000 -0.136000 -0.490000 -0.030000
0.280000 0.016667 0.160000 0.160000 -0.150000 0.000000 -0.220000 -0.047000 -0.220000 0.000000 -0.130000 0.050000 -0.050000 0.060000
-0.490000 -0.460000 0.010000 -0.700000 0.130000 0.050000 0.560000 0.490000 0.330000 0.100000 0.300000 0.220000 -0.280000 -0.260000
0.080000 0.010000 0.350000 0.220000 0.040000 -0.010000 -0.200000 0.010000 -0.180000 0.200000 -0.150000 -0.030000 -0.440000 0.100000
0.560000 0.050000 -0.020000 -0.244000 -0.090000 -0.670000 -0.410000 0.010000 0.270000 -0.040000 -0.370000 0.460000 0.360000 0.010000
1.870000 0.910000 0.810000 0.450000 -0.460000 -1.070000 -0.790000 -0.600000 -0.070000 -0.480000 -0.257500 -0.090000 0.370000 0.030000
1.970000 0.090000 0.000000 -0.280000 -0.840000 -0.680000 -0.530000 0.000000 -0.020000 -0.300000 -0.320000 0.290000 0.330000 0.290000
0.190000 -0.320000 -0.140000 -0.080000 0.260000 0.250000 -0.100000 0.110000 -0.030000 -0.160000 0.290000 -0.080000 -0.270000 0.080000
0.390000 -0.280000 -0.350000 0.010000 0.100000 -0.090000 0.100000 0.190000 -0.090000 0.140000 0.140000 -0.090000 -0.330000 0.160000
-0.390000 -0.350000 0.650000 -0.300000 -0.170000 -0.240000 -0.060000 0.100000 0.310000 0.300000 -0.090000 0.080000 0.149100 0.310000
-0.390000 -0.460000 -0.300000 0.030000 -0.040000 0.040000 0.150000 -0.080000 0.460000 0.290000 -0.260000 0.460000 -0.080000 0.170000
0.250000 0.020000 0.140000 -0.190000 0.020000 -0.270000 -0.250000 -0.050000 0.138000 0.020000 -0.090000 0.100000 0.220000 -0.130000
-0.400000 0.520000 -0.310000 -0.080000 0.030000 0.050000 -0.050000 -0.120000 0.140000 -0.120000 0.150000 0.030000 -0.140000 0.290000
0.570000 -0.240000 -0.030000 -0.120000 0.100000 0.150000 -0.010000 -0.080000 0.120000 -0.240000 -0.120000 -0.160000 -0.140000 0.210000
0.660000 0.380000 0.000000 0.140000 -0.340000 -0.340000 -1.040000 0.170000 0.200000 -0.210000 -0.370000 0.150000 0.380000 0.230000
0.220000 0.030000 0.090000 -0.170000 0.100000 0.070000 0.040000 -0.090000 0.030000 -0.310000 -0.040000 0.100000 -0.240000 0.170000
1.450000 -0.530000 -0.020000 -0.510000 -0.400000 -0.490000 -0.600000 0.030000 0.190000 -0.050000 -0.320000 0.420000 0.330000 0.480000
0.570000 0.060000 -0.160000 -0.200000 -0.080000 -0.200000 -0.460000 -0.060000 0.180000 -0.025000 -0.160000 0.090000 0.040000 -0.004000
0.580000 -0.070000 -0.470000 -0.020000 -0.050000 0.039300 0.020000 -0.230000 -0.070000 -0.170000 1.590000 -0.170000 -0.200100 -0.130000
0.777000 -0.150000 -0.040000 -0.380000 -0.250000 -0.910000 -0.490000 0.010000 0.310000 -0.060000 -0.250000 0.448000 0.440000 0.460000
0.430000 -0.160000 0.110000 -0.110000 -0.320000 -0.210000 -0.140000 -0.130000 0.230000 0.060000 -0.240000 0.340000 0.320000 -0.180000
0.060000 0.300000 0.010000 0.140000 -0.110000 -0.160000 -0.020000 0.060000 -0.090000 0.090000 -0.250000 -0.140000 -0.030000 0.130000
0.240000 0.110000 -0.370000 0.250000 -0.600000 -0.580000 -0.620000 0.290000 0.320000 0.050000 -0.320000 0.170000 0.730000 0.310000
-0.280000 0.039000 0.010000 -0.020000 -0.150000 0.040000 -0.180000 0.290000 -0.100000 -0.180000 -0.100000 -0.170000 0.280000 0.140000
-0.020000 0.800000 -0.360000 -0.200000 -0.200000 -0.460000 -0.290000 -0.030000 -0.011000 -0.040000 0.010000 0.330000 -0.080000 0.500000
-0.390000 0.250000 0.050000 -0.470000 -0.470000 -0.470000 -0.350000 0.310000 0.164000 0.167000 0.180000 0.320000 0.220000 0.220000
0.900000 0.190000 0.370000 -0.060000 -0.480000 -0.480000 -0.210000 -0.160000 -0.160000 -0.350000 -0.240000 0.160000 0.300000 0.240000
0.120000 -0.020000 0.120000 -0.110000 -0.050000 -0.070000 -0.050000 -0.040000 0.000000 -0.170000 0.130000 0.100000 -0.050000 0.100000
0.370000 -0.420000 -0.150000 -0.270000 -0.050000 0.145700 0.220000 0.120000 0.190000 -0.080000 0.160000 0.090000 -0.290000 -0.030000
0.440000 0.270000 0.003000 -0.430000 -0.180000 0.010000 0.220000 -0.100000 -0.200000 -0.260000 0.050000 0.000000 0.200000 0.120000
0.310000 0.310000 1.240000 -0.080000 0.050600 -0.030000 -0.130000 -0.290000 -0.330000 -0.330000 0.020000 -0.290000 -0.370000 -0.080000
0.390000 -0.100000 -0.100000 -0.430000 0.180000 0.300000 -0.010000 -0.007000 0.080000 -0.120000 0.320000 -0.480000 -0.310000 0.030000
0.190000 -0.010000 0.240000 0.220000 0.340000 0.060000 0.310000 -0.190000 -0.060000 -0.153000 0.160000 -0.480000 -0.210000 -0.190000
-1.040000 -0.720000 -0.280000 -0.170000 0.450000 0.730000 0.600000 0.360000 0.180000 0.220000 0.280000 -0.170000 -0.600000 0.150000
0.670000 0.020000 -0.130000 -0.220000 -0.140000 -0.200000 -0.260000 -0.420000 0.104000 0.050000 -0.200000 0.470000 0.190000 0.250000
0.930000 -0.160000 -0.080000 -0.250000 -0.230000 -0.100000 -0.050000 0.010000 -0.070000 -0.370000 0.280000 0.260000 -0.160000 0.000000
1.150000 0.370000 0.460000 0.160000 -0.580000 -0.530000 -0.270000 -0.230000 0.000000 -0.380000 -0.140000 0.050000 -0.160000 0.120000
0.090000 -0.163000 0.510000 -0.150000 0.320000 0.340000 0.260000 -0.130000 -0.200000 -0.240000 0.320000 -0.340000 -0.590000 -0.170000
0.245222 0.100000 0.300000 0.070000 -0.220000 -0.200000 -0.130000 0.100000 0.020000 -0.200000 -0.090000 -0.200000 -0.010000 0.040000
0.670000 0.050000 -0.040000 -0.100000 0.140000 -0.100000 -0.140000 -0.160000 -0.160000 -0.020000 -0.120000 0.090000 -0.200000 0.070000
-0.770000 -0.290000 -0.310000 -0.075000 0.030000 -0.170000 0.016000 0.210000 0.370000 0.420000 -0.120000 0.040000 -0.080000 0.400000
0.620000 0.010000 -0.080000 -0.290000 -0.100000 -0.410000 -0.460000 -0.020000 0.280000 0.160000 -0.360000 0.360000 0.340000 -0.040000
0.380000 0.080000 0.040000 -0.010000 0.100000 -0.380000 0.210000 -0.030000 0.050000 0.100000 0.005000 0.080000 -0.380000 -0.010000
-0.910000 -0.110000 -0.060000 0.230000 0.280800 0.291111 0.310000 0.370000 0.170000 0.140000 -0.060000 -0.090000 -0.220000 -0.370000
0.840000 -0.350000 -0.100000 -0.370000 -0.480000 -0.460000 -0.130000 0.430000 0.380000 -0.120000 -0.130000 0.260000 0.220000 0.000000
-0.020000 -0.040000 0.000000 0.100000 0.080000 -0.310000 -0.150000 -0.040000 0.160000 -0.060000 -0.240000 0.210000 0.120000 0.190000
-0.830000 0.040000 0.100000 -0.180000 -1.100000 -0.510000 0.110000 0.510000 0.460000 0.290000 -0.020000 0.610000 0.160000 0.360000
0.090000 -0.170000 -0.150000 -0.030000 -0.070000 -0.090000 0.040000 -0.010000 0.090000 0.180000 0.230000 -0.400000 -0.130000 0.210000
0.240000 -0.180000 -0.280000 -0.110000 -0.890000 -0.600000 -0.470000 0.180000 0.170000 0.110000 -0.040000 0.470000 0.790000 0.600000
0.270000 -0.290000 -0.250000 0.380000 0.080000 0.350000 -0.110000 0.240000 0.240000 0.210000 0.060000 -0.790000 -0.310000 -0.060000
-0.330000 0.440000 -0.080000 0.022000 -0.160000 -0.020000 -0.230000 0.150000 -0.130000 0.210000 0.150000 0.070000 -0.370000 0.390000
-0.060000 -0.060000 0.220000 0.010000 0.360000 0.210000 0.120000 0.140000 0.070000 -0.100000 -0.200000 -0.100000 -0.130000 -0.490000
-0.360000 -0.830000 -0.510000 -0.060000 0.080000 0.310000 0.060000 -0.120000 0.510000 0.490000 0.170000 0.280000 -0.050000 0.102800
0.510000 -0.050000 -0.300000 -0.090000 0.016778 -0.070000 -0.050000 0.150000 0.240000 -0.070000 0.174000 -0.010000 -0.260000 0.010000
0.030000 0.050000 0.030000 -0.050000 0.190000 -0.300000 -0.050000 -0.050000 0.280000 -0.010000 -0.070000 0.150000 -0.130000 -0.090000
-0.750000 -0.320000 -0.160000 0.220000 0.160000 0.090000 -0.020000 0.300000 0.090000 0.250000 -0.180000 0.020000 0.100000 0.190000
-0.400000 0.350000 0.020000 0.340000 -0.300000 -0.150000 0.000000 0.120000 -0.010000 0.200000 -0.260000 0.040000 -0.070000 0.120000
0.130000 -0.060000 0.070000 0.610000 0.280000 0.090000 0.010000 -0.270000 0.400000 0.010000 -0.270000 -0.410000 -0.380000 -0.101000
0.610000 0.010000 0.170000 0.530000 0.010000 -0.100000 0.035000 -0.180000 -0.010000 -0.220000 -0.080000 -0.490000 -0.100000 -0.070000
0.080000 -0.500000 -0.260000 -0.380000 -0.500000 -0.140000 -0.070000 0.280000 0.480000 0.100000 0.100000 0.430000 0.100000 0.280000
0.100000 0.250000 0.160000 -0.040000 0.100000 -0.060000 0.280000 -0.060000 -0.090000 -0.590000 0.130000 0.050000 -0.250000 0.020000
-0.210000 -0.140000 -0.630000 -0.600000 -0.155000 -0.040000 -0.060000 0.420000 0.620000 0.460000 0.000000 0.430000 0.230000 0.020000
-0.620000 0.240000 0.440000 0.020000 -0.360000 -0.220000 -0.380000 0.165000 0.020000 0.120000 0.340000 0.220000 -0.010000 0.080000
0.330000 -0.162000 -0.150000 -0.080000 -0.150000 -0.080000 0.060000 0.190000 -0.010000 -0.010000 -0.100000 0.120000 0.180000 0.130000
0.350000 0.010000 0.110000 0.320000 0.030000 0.030000 0.090000 -0.030000 -0.310000 -0.350000 0.180000 -0.277778 -0.010000 -0.270000
-0.790000 -0.540000 0.050000 0.540000 0.680000 0.510000 0.540000 0.290000 -0.250000 -0.170000 0.000000 -0.070000 -0.500000 -0.290000
-0.540000 -0.080000 -0.110000 0.740000 0.260000 0.211111 0.390000 0.020000 0.070000 0.090000 -0.280000 -0.110000 -0.260000 -0.280000
0.240000 -0.210000 -0.090000 -0.290000 0.250000 0.080000 0.130000 -0.130000 0.180000 0.020000 0.100000 -0.090000 -0.230000 0.050000
1.940000 0.670000 0.710000 0.010000 -0.990000 -0.950000 -0.950000 -0.320000 0.350000 -0.490000 -0.780000 0.410000 0.330000 0.060000
0.360000 -0.280000 -0.020000 0.370000 0.260000 -0.020000 0.310000 0.120000 -0.410000 -0.110000 -0.080000 -0.080000 -0.320000 -0.100000
0.880000 0.230000 0.530000 0.540000 -0.970000 -1.210000 -0.950000 -0.540000 0.390000 -0.650000 -1.180000 0.560000 1.510000 0.870000
-0.270000 -0.110000 -0.200000 -0.410000 -0.110000 -0.150000 -0.090000 0.030000 0.300000 0.360000 0.160000 0.300000 0.200000 -0.010000
-0.050000 -0.190000 -0.330000 -0.440000 -0.150000 -0.230000 -0.010000 0.280000 0.330000 0.280000 0.070000 0.160000 0.130000 0.150000
0.600000 -0.020000 -0.090000 0.490000 0.310000 -0.020000 0.050000 -0.310000 -0.150000 -0.530000 0.160000 -0.560000 0.410000 -0.340000
-0.370000 -0.300000 0.610000 -0.060000 -0.250000 -0.320000 -0.500000 0.170000 0.060000 0.370000 0.000000 0.210000 0.200000 0.170000
1.110000 -0.130000 -0.160000 0.120000 0.150000 -0.220000 -0.020000 -0.150000 -0.200000 -0.400000 -0.060000 -0.010000 -0.220222 0.150000
-0.060000 0.060000 -0.560000 0.020000 -0.044000 0.080000 -0.050000 0.020000 -0.010000 0.260000 0.240000 0.180000 -0.160000 0.200000
0.080000 0.060000 0.050000 -0.030000 -0.270000 -0.230000 -0.140000 0.150000 -0.030000 -0.080000 0.140000 -0.050000 -0.020000 0.380000
-0.430000 0.170000 -0.910000 0.380000 -0.160000 -0.010000 0.000000 0.310000 0.190000 0.330000 -0.220000 0.300000 -0.160000 0.200000
-1.070000 -0.390000 -0.480000 -0.270000 -0.130000 0.480000 0.280000 0.450000 0.160000 0.190000 0.170000 0.480000 0.040000 0.100000
0.222522 -0.090000 0.290000 -0.010000 -0.180000 -0.230000 0.220000 0.030000 -0.060000 0.150000 -0.150000 -0.040000 -0.210000 0.240000
-0.030000 -0.270000 -0.120000 0.320000 0.410000 -0.190000 0.130000 -0.100000 -0.380000 -0.030000 0.250000 0.040000 -0.250000 0.190000
-0.640000 -0.020000 -0.200000 0.140000 0.180000 -0.010000 0.080000 0.270000 0.060000 0.420000 -0.040000 0.013900 -0.084900 0.140000
-0.489000 -0.170000 -0.060000 0.620000 0.950000 0.760000 0.280000 0.080000 -0.010000 0.570000 -0.380000 -0.640000 -0.330000 -0.290000
0.400000 -0.430000 -0.470000 0.030000 0.100000 0.260000 -0.140000 0.030000 0.190000 0.130000 -0.090000 -0.160000 0.070000 0.060000
-0.290000 -0.072000 0.090000 0.290000 0.390000 -0.010000 -0.230000 -0.090000 -0.050000 0.110000 -0.070000 -0.070000 -0.010000 0.020000
0.760000 0.160000 -0.140000 -0.400000 -0.030000 -0.290000 -0.110000 -0.010000 0.030000 -0.090000 -0.340000 0.120000 0.320000 0.020000
0.320000 0.030000 -0.210000 0.210000 0.620000 0.170000 -0.210000 -0.150000 -0.400000 -0.330000 0.210000 -0.010000 -0.293000 0.190000
-0.800000 -0.220000 -0.670000 0.210000 0.350000 0.340000 0.240000 0.560000 0.180000 0.190000 -0.090000 -0.090000 -0.170000 -0.030000
0.320000 -0.197500 -0.350000 -0.670000 -1.070000 -1.000000 -0.730000 0.040000 0.540000 0.420000 0.400000 0.660000 0.348000 0.140000
1.130000 0.100000 -0.130000 -0.510000 -0.130000 -0.360000 -0.430000 -0.220000 0.250000 -0.220000 -0.240000 0.520000 0.170000 0.050000
1.070000 0.000000 -0.070000 -0.350000 -0.260000 -0.390000 -0.530000 -0.010000 0.090000 -0.170000 -0.450000 0.440000 0.500000 0.110000
0.880000 -0.180000 -0.180000 -0.180000 0.030000 -0.140000 0.010000 -0.280000 0.050000 -0.010000 0.129400 0.110000 -0.180000 0.180000
0.380000 -0.290000 -0.100000 0.130000 0.137678 0.190000 -0.180000 -0.140000 0.020000 0.010000 0.130000 -0.050000 -0.270000 -0.120000
0.245000 -0.170000 -0.330000 0.130000 0.130000 -0.100000 -0.010000 -0.080000 -0.060000 -0.060000 -0.060000 -0.010000 0.040000 -0.120000
0.380000 0.260000 -0.090000 -0.030000 0.140000 0.180000 0.070000 0.030000 -0.140000 -0.060000 -0.010000 -0.330000 -0.270000 -0.150000
0.140000 0.290000 0.030000 0.280000 -0.400000 -0.570000 -0.340000 0.030000 0.230000 -0.420000 -0.189400 0.470000 0.440000 0.310000
1.060000 0.110000 0.470000 -0.430000 -0.550000 0.190000 0.140000 0.120000 -0.170000 -0.380000 -0.030000 0.020000 -0.310000 -0.230000
-0.790000 0.210000 0.200000 0.250000 0.030000 0.370000 0.060000 0.270000 -0.130000 0.120000 -0.030000 -0.130000 -0.510000 0.080000
1.190000 0.170000 0.010000 0.320000 0.180000 -0.520000 -0.250000 -0.060000 -0.180000 -0.220000 0.020000 -0.090000 -0.330000 -0.240000
-0.950000 -0.141000 0.080000 0.130000 0.300000 0.203111 -0.070000 0.330000 0.260000 0.220000 0.110000 -0.070000 -0.320000 -0.280000
0.260000 0.170000 -0.080000 0.290000 0.170000 0.270000 0.070000 0.000000 -0.140000 -0.050000 -0.160000 -0.250000 -0.190000 -0.370000
0.400000 -0.250000 -0.470000 -0.400000 -0.540000 -0.540000 -0.400000 0.050000 0.660000 0.290000 -0.270000 0.780000 0.320000 0.360000
0.100000 1.340000 -0.010000 -0.210000 -0.190000 0.150000 -0.140000 0.040000 -0.100000 -0.018000 -0.007000 -0.043000 -0.270000 -0.190000
0.580000 -0.190000 -0.320000 0.150000 0.150000 -0.140000 0.290000 -0.140000 0.540000 -0.140000 -0.160000 -0.230000 -0.500000 0.130000
0.640000 0.170000 0.300000 0.200000 0.100000 0.100000 0.190000 -0.280000 -0.430000 -0.430000 0.090000 -0.130000 -0.540000 0.030000
-1.060000 -0.270000 -0.100000 -0.070000 -0.330000 -0.510000 -0.340000 0.510000 0.290000 0.360000 0.110000 0.510000 0.510000 0.410000
0.190000 -0.270000 -0.430000 -0.120000 -0.070000 0.210000 -0.010000 0.240000 0.040000 0.010000 -0.160000 -0.090000 0.340000 0.110000
0.380000 0.100000 0.220000 0.080000 0.130000 0.300000 -0.120000 0.060000 -0.160000 -0.115000 -0.190000 -0.100000 -0.380000 -0.080000
-0.060000 -0.060000 0.120000 0.340000 0.070000 -0.060000 -0.120000 0.080000 -0.070000 0.040000 -0.100000 -0.160000 -0.160000 0.140000
0.120000 -0.180000 -0.080000 -0.180000 0.100000 0.080000 0.150000 0.150000 0.050000 -0.310000 0.010000 0.010000 0.030000 0.030000
-0.030000 0.360000 -0.040000 0.410000 0.150000 0.040000 -0.410000 0.190000 -0.450000 -0.010000 0.060000 -0.080000 -0.260000 0.070000
-0.450000 -0.310000 -0.260000 -0.740000 -0.060000 0.090000 -0.370000 0.380000 0.350000 0.450000 0.130000 0.270000 0.310000 0.190000
0.120000 -0.270000 0.030000 0.360000 1.090000 0.410000 0.150000 0.010000 -0.220000 -0.010000 -0.090000 -0.550000 -0.550000 -0.490000
1.310000 0.050000 -0.170000 0.230000 -0.250000 -0.760000 -0.060000 -0.220000 0.360000 -0.170000 -0.460000 -0.060000 0.210000 -0.010000
0.340000 0.030000 -0.120000 -0.030000 0.330000 -0.230000 -0.080000 0.200000 -0.080000 0.080000 -0.120000 -0.140000 0.120000 -0.300000
-0.030000 -0.030000 -0.220000 0.060000 -0.030000 -0.310000 0.010000 0.220000 0.460000 0.240000 -0.420000 0.210000 -0.260000 0.100000
